24
15
23
22
27
28
28
23
30
26
26
23
26
17
24
26
22
23
23
20
28
20
32
18
20
23
21
25
27
27
25
28
28
36
28
21
22
19
20
20
15
21
27
26
27
24
20
21
29
30
26
24
22
23
29
23
28
24
28
27
23
26
26
26
36
25
24
20
22
24
22
24
27
33
24
18
29
20
17
27
33
27
24
18
18
20
16
24
25
14
22
30
27
29
31
32
19
26
24
22
21
24
26
24
19
23
26
19
33
26
17
36
20
25
37
25
33
33
20
21
21
25
30
25
24
17
22
27
30
22
29
16
20
17
25
14
30
26
22
23
29
25
30
29
25
12
22
25
14
23
23
30
23
20
24
26
36
28
22
22
25
21
22
22
18
27
20
22
32
27
22
23
27
28
28
24
21
30
23
20
21
26
22
33
27
23
34
27
21
31
26
26
21
19
24
33
21
23
20
21
20
28
21
30
23
33
23
37
25
29
19
33
28
28
16
24
20
32
18
29
14
19
27
27
34
20
21
17
32
25
25
21
23
26
21
29
22
28
22
27
20
16
26
19
27
22
25
28
29
23
26
34
27
22
18
13
29
18
24
25
34
21
26
26
28
27
23
27
17
22
23
25
38
25
23
18
20
21
22
27
32
26
19
22
30
28
22
27
27
33
29
24
20
23
25
28
25
29
25
22
30
24
25
23
31
28
33
31
17
26
22
18
35
25
16
18
25
17
21
25
22
27
32
24
25
21
27
22
19
19
25
28
21
28
17
31
22
25
24
31
25
27
23
29
24
33
29
28
28
25
17
20
34
31
21
23
26
34
22
21
24
23
24
20
18
21
27
27
17
23
27
21
24
18
19
20
24
14
21
17
25
17
30
26
37
18
19
15
29
25
22
30
22
25
18
29
23
36
17
24
21
21
20
20
24
17
22
24
29
21
21
25
16
25
23
23
26
28
24
30
30
25
19
16
23
33
28
15
23
33
25
23
31
25
23
29
27
20
28
24
26
20
21
19
20
29
23
32
22
35
31
21
36
26
22
17
26
29
27
32
32
23
28
28
24
27
23
26
15
25
25
25
29
15
26
17
17
20
23
22
25
25
19
21
20
28
12
29
25
26
24
29
34
29
27
27
16
25
23
28
24
21
26
19
33
20
23
22
24
21
20
17
26
16
25
40
26
37
28
19
29
20
31
22
32
25
23
23
29
21
22
29
20
29
20
26
28
27
24
20
26
25
24
33
25
37
19
24
20
20
33
20
23
24
19
26
29
28
20
25
23
28
30
21
30
27
28
24
26
28
31
21
30
22
25
25
26
19
30
28
28
21
36
25
20
30
25
26
28
23
26
40
22
34
19
27
18
26
27
16
24
32
19
20
24
21
25
25
18
25
30
26
15
20
29
21
27
21
23
14
24
16
34
23
21
14
26
28
24
32
25
24
22
17
30
13
19
28
20
27
25
30
19
24
29
19
18
25
19
24
15
30
24
28
24
27
22
28
28
22
25
23
23
19
31
23
23
26
26
33
33
21
23
24
28
21
28
24
29
22
16
27
26
19
28
22
16
30
21
25
23
23
27
24
20
25
13
26
20
21
14
29
19
23
30
22
28
21
14
25
40
23
24
18
19
34
25
25
25
33
19
21
22
20
20
24
23
19
17
19
26
31
29
28
25
28
29
19
28
28
17
19
26
25
25
20
32
21
19
32
18
23
14
24
26
18
21
26
24
22
32
24
32
19
27
20
15
18
28
20
28
32
26
19
29
24
25
21
29
25
27
28
27
22
26
23
30
19
27
24
26
28
21
19
22
31
20
33
28
21
19
14
22
29
31
18
24
32
24
21
35
26
25
23
30
24
19
27
23
23
26
21
21
31
20
21
28
24
21
27
25
25
27
21
29
24
29
23
23
14
18
20
19
27
27
29
26
20
16
20
22
30
31
29
26
25
34
22
22
32
22
26
20
24
29
19
28
24
21
19
19
25
19
19
18
27
18
21
18
17
19
32
25
28
30
23
24
27
25
23
21
26
22
25
22
21
28
27
25
16
26
20
29
21
29
31
17
17
21
18
24
21
29
25
23
26
27
15
11
26
24
18
30
29
20
18
32
31
23
20
20
28
21
16
22
23
25
26
24
21
28
25
21
19
19
23
19
30
22
26
33
34
27
23
21
24
14
20
19
26
27
25
20
25
29
24
25
26
30
16
18
27
34
31
23
17
27
25
25
23
19
26
24
21
20
18
18
16
22
28
23
28
24
20
31
29
21
21
14
27
19
27
14
25
24
21
33
27
24
31
22
29
20
