11
8
5
8
4
10
4
5
4
8
5
7
6
8
11
7
11
6
7
5
4
9
8
13
5
11
12
14
9
16
12
14
16
12
19
15
20
23
16
19
27
32
22
21
22
33
28
30
35
23
21
34
21
23
35
38
27
32
31
41
36
41
21
34
36
36
31
32
36
31
34
37
32
27
31
33
36
30
25
29
28
27
23
24
21
15
27
15
22
17
12
12
16
13
9
10
10
11
9
9
13
11
9
13
9
10
10
10
10
6
6
6
3
3
9
3
5
4
4
4
3
4
1
8
3
3
7
12
3
10
5
6
9
8
11
8
4
7
9
12
12
19
15
10
8
20
17
16
14
17
15
16
20
23
20
25
20
27
17
18
31
28
12
19
23
15
24
27
22
29
22
26
18
32
28
27
15
30
19
22
17
28
24
18
17
11
18
20
21
18
10
17
18
21
19
13
15
22
18
19
12
12
10
15
8
13
11
11
8
9
10
9
6
9
6
10
6
8
4
9
7
7
4
5
5
6
2
3
1
7
3
6
3
9
3
8
7
4
5
2
3
6
1
7
3
5
6
4
9
6
11
5
2
10
7
8
7
8
11
9
10
18
14
13
3
14
8
12
13
21
14
14
7
20
11
16
20
7
22
11
19
17
18
23
14
15
15
23
19
16
20
10
22
20
12
23
12
24
23
20
15
22
17
15
23
18
21
14
13
15
23
16
23
12
24
14
17
14
19
17
19
14
17
12
17
20
14
21
11
13
16
16
10
9
9
12
13
12
8
7
8
10
5
8
9
3
7
4
5
5
3
3
2
5
3
3
8
5
5
1
3
6
6
2
8
3
7
7
11
8
4
7
11
12
8
8
11
10
16
17
18
13
20
18
17
14
21
13
19
20
28
18
20
24
22
21
19
19
22
22
24
29
25
25
22
30
21
35
27
26
36
25
39
28
40
41
38
37
36
34
40
26
44
27
44
39
50
44
45
34
39
44
40
37
43
30
35
37
32
36
42
26
33
23
34
20
30
24
27
14
22
20
19
10
20
6
12
10
8
7
5
5
3
5
6
1
1
3
3
3
2
6
2
7
3
5
4
5
8
6
13
6
5
12
8
18
8
9
9
9
11
11
13
11
12
23
19
23
21
29
26
22
19
24
30
29
19
22
23
26
26
36
29
34
28
36
41
38
46
43
47
35
39
41
46
52
38
58
51
48
53
56
61
45
56
49
56
63
43
53
54
56
58
68
50
58
48
42
47
49
40
42
46
37
37
33
33
35
27
28
19
30
20
14
16
18
9
8
9
17
9
8
3
7
4
5
5
4
5
6
4
1
11
11
7
9
6
5
10
12
3
11
8
9
16
9
4
15
19
9
14
14
19
16
19
26
17
18
23
28
24
13
25
31
38
34
43
59
31
41
36
38
41
46
47
42
58
58
56
51
58
59
69
69
63
58
73
79
67
56
73
74
72
57
64
72
57
79
69
73
62
73
57
54
61
72
51
59
60
42
47
42
41
40
34
37
26
40
36
36
25
27
24
16
20
15
18
7
13
8
12
5
8
9
7
8
7
5
2
5
6
2
3
4
10
4
7
9
12
10
9
5
12
13
11
11
15
11
13
17
17
19
10
16
16
15
21
27
32
34
32
36
39
37
32
39
42
41
36
47
65
48
58
57
52
67
62
57
57
47
62
65
63
70
78
83
85
65
64
70
86
77
84
81
80
80
63
64
77
69
64
61
59
65
61
62
56
40
52
44
51
44
42
30
35
40
24
23
30
32
24
24
26
19
10
15
18
11
7
8
6
9
6
5
4
4
3
8
10
4
5
7
5
11
4
8
7
11
5
11
9
10
5
11
17
11
13
20
24
16
17
18
26
22
26
20
23
25
23
25
34
36
30
35
40
34
34
39
47
45
41
58
50
59
50
61
60
60
56
65
66
52
64
79
62
61
69
48
60
66
64
68
62
72
58
51
61
58
55
60
70
53
61
56
46
45
37
45
34
37
26
31
36
34
35
27
32
16
30
15
19
13
19
12
13
13
6
9
13
8
6
9
2
8
5
4
6
5
6
2
7
4
11
6
7
5
14
4
6
8
11
6
12
12
11
10
11
12
16
14
15
9
13
26
26
27
24
27
23
29
18
27
34
34
31
31
31
28
36
32
38
32
40
43
47
45
56
39
43
52
52
53
39
40
41
39
53
61
47
52
44
43
48
56
53
49
34
42
47
38
32
42
43
25
56
37
42
33
34
25
30
20
24
22
20
9
15
20
20
17
14
16
8
13
9
7
2
10
6
6
5
0
7
