16
19
18
24
25
28
13
26
26
31
21
18
15
22
22
32
23
21
27
21
26
25
31
22
30
22
25
13
17
28
17
25
31
29
21
23
17
33
17
18
15
14
24
27
24
25
18
24
26
26
25
21
21
22
26
24
23
23
32
27
31
27
26
31
26
25
24
24
15
26
31
24
34
27
29
20
20
30
30
23
19
25
31
29
28
16
17
33
38
16
25
23
24
24
39
27
23
20
24
21
26
34
31
25
26
28
34
30
27
26
27
34
25
27
20
15
23
22
28
29
22
23
30
15
25
23
27
30
22
24
15
27
23
26
25
27
26
23
32
22
22
21
20
26
18
33
24
20
25
21
22
28
24
20
20
27
23
21
25
24
18
31
29
19
26
17
24
23
20
29
20
21
16
24
32
25
23
21
30
27
31
20
26
18
27
20
16
24
29
29
20
23
26
20
29
13
24
18
28
22
18
34
22
29
24
26
23
30
34
24
23
23
23
22
27
26
20
28
28
23
31
28
19
20
32
21
35
31
24
20
27
27
25
19
25
30
31
18
15
19
22
20
28
24
23
35
20
26
19
26
28
34
24
24
27
19
29
14
13
25
22
20
23
19
26
25
20
26
17
18
28
28
21
15
24
22
32
31
28
24
23
30
24
30
27
29
22
22
23
22
20
27
25
23
24
24
30
22
16
22
24
28
19
24
24
25
26
21
15
22
30
24
21
21
25
25
11
26
26
33
25
19
22
20
25
24
22
24
19
40
22
20
24
38
32
25
20
31
13
19
28
26
22
22
21
27
23
29
26
31
28
29
28
21
32
28
26
31
22
21
25
14
14
20
18
24
28
34
35
25
23
24
23
24
28
20
36
26
24
27
28
24
21
33
21
26
30
17
20
23
27
20
16
22
26
31
25
24
27
23
25
26
21
22
27
26
33
22
22
31
41
17
22
13
16
27
20
33
30
28
25
24
24
26
23
22
27
10
23
26
24
19
26
20
27
22
17
36
28
23
30
22
26
29
24
29
20
25
24
19
26
17
24
24
22
31
24
27
22
22
27
16
17
16
20
25
26
25
23
21
23
25
14
22
29
28
34
39
20
24
30
27
29
19
26
22
22
20
32
33
32
18
30
31
25
23
27
24
24
26
19
25
31
18
17
20
25
25
27
24
26
25
21
20
21
15
22
24
28
31
21
16
27
24
25
29
18
20
25
18
29
22
27
19
23
24
34
32
16
26
20
26
17
23
16
18
29
22
28
20
22
29
32
23
26
20
27
27
20
28
27
25
25
24
20
34
19
21
20
21
17
19
26
30
22
17
19
18
24
28
14
21
26
22
31
22
16
34
24
26
19
24
19
20
19
22
23
21
28
28
27
31
20
16
18
27
28
24
22
30
28
31
14
27
21
26
27
22
25
32
25
24
26
23
24
20
19
22
26
19
19
19
26
29
19
13
18
15
24
19
21
23
28
23
24
29
35
21
21
20
29
22
21
21
27
20
19
26
36
31
22
25
18
18
31
29
14
23
26
23
25
21
33
21
17
20
20
24
18
23
24
26
28
23
18
27
32
16
23
29
31
28
26
22
20
20
28
30
20
23
21
32
24
31
27
32
19
23
25
32
27
16
34
16
26
36
28
29
22
28
31
20
27
25
29
25
22
27
22
24
28
37
23
18
15
25
30
27
25
22
22
29
29
27
31
24
28
25
21
30
32
18
24
30
15
32
28
25
21
23
24
29
25
24
28
28
26
26
23
27
22
25
30
18
26
26
29
23
22
18
24
22
17
32
21
30
13
29
35
29
24
20
29
30
27
32
27
16
29
27
21
24
30
31
22
27
27
22
19
20
22
29
26
22
23
22
26
33
39
16
20
32
22
26
17
28
34
18
18
22
34
37
22
15
19
23
26
24
27
29
21
25
16
34
15
35
18
30
30
24
19
19
18
24
27
14
21
22
17
29
29
32
30
24
19
26
32
25
22
22
30
29
22
26
24
17
30
23
29
25
18
21
23
29
27
25
26
22
28
24
24
25
25
20
18
23
24
18
20
25
22
29
24
23
25
21
21
17
22
19
22
16
17
24
25
20
20
25
21
25
23
26
29
22
26
19
22
32
21
29
22
23
28
24
20
32
35
22
22
26
22
24
16
27
21
20
29
23
21
19
30
34
17
26
29
25
28
21
25
20
27
24
21
22
21
21
19
27
28
27
25
29
20
28
22
27
20
20
25
19
23
30
23
28
10
29
27
24
33
19
17
18
28
21
37
26
29
27
29
19
25
24
21
25
28
28
22
25
22
22
26
20
15
